   0.0000000e+00   1.0564000e+00
   9.0000000e+02   1.0534000e+00
   1.8000000e+03   1.0504000e+00
   2.7000000e+03   1.0334000e+00
   3.6000000e+03   1.0054000e+00
   4.5000000e+03   9.5140000e-01
   5.4000000e+03   8.9540000e-01
   6.3000000e+03   8.5140000e-01
   7.2000000e+03   8.1540000e-01
   8.1000000e+03   7.6740000e-01
   9.0000000e+03   7.1840000e-01
   9.9000000e+03   6.5840000e-01
   1.0800000e+04   5.9940000e-01
   1.1700000e+04   5.3940000e-01
   1.2600000e+04   4.6940000e-01
   1.3500000e+04   4.0340000e-01
   1.4400000e+04   3.3540000e-01
   1.5300000e+04   2.5040000e-01
   1.6200000e+04   1.7440000e-01
   1.7100000e+04   8.8400000e-02
   1.8000000e+04  -2.6000000e-03
   1.8900000e+04  -9.2600000e-02
   1.9800000e+04  -1.7160000e-01
   2.0700000e+04  -2.6360000e-01
   2.1600000e+04  -3.4260000e-01
   2.2500000e+04  -3.9660000e-01
   2.3400000e+04  -4.3460000e-01
   2.4300000e+04  -4.2960000e-01
   2.5200000e+04  -3.6760000e-01
   2.6100000e+04  -2.5960000e-01
   2.7000000e+04  -1.4060000e-01
   2.7900000e+04  -4.0600000e-02
   2.8800000e+04   5.4400000e-02
   2.9700000e+04   1.6640000e-01
   3.0600000e+04   2.7540000e-01
   3.1500000e+04   3.8440000e-01
   3.2400000e+04   4.9140000e-01
   3.3300000e+04   6.0440000e-01
   3.4200000e+04   6.9240000e-01
   3.5100000e+04   7.7740000e-01
   3.6000000e+04   8.4640000e-01
   3.6900000e+04   9.0840000e-01
   3.7800000e+04   9.4740000e-01
   3.8700000e+04   9.7440000e-01
   3.9600000e+04   9.9440000e-01
   4.0500000e+04   1.0094000e+00
   4.1400000e+04   1.0274000e+00
   4.2300000e+04   1.0394000e+00
   4.3200000e+04   1.0454000e+00
   4.4100000e+04   1.0454000e+00
   4.5000000e+04   1.0454000e+00
   4.5900000e+04   1.0384000e+00
   4.6800000e+04   1.0204000e+00
   4.7700000e+04   9.8540000e-01
   4.8600000e+04   9.2940000e-01
   4.9500000e+04   8.6940000e-01
   5.0400000e+04   8.2540000e-01
   5.1300000e+04   7.8640000e-01
   5.2200000e+04   7.4440000e-01
   5.3100000e+04   6.8240000e-01
   5.4000000e+04   6.1940000e-01
   5.4900000e+04   5.7240000e-01
   5.5800000e+04   5.0140000e-01
   5.6700000e+04   4.3240000e-01
   5.7600000e+04   3.5040000e-01
   5.8500000e+04   2.9140000e-01
   5.9400000e+04   2.0140000e-01
   6.0300000e+04   1.1940000e-01
   6.1200000e+04   3.1400000e-02
   6.2100000e+04  -6.7600000e-02
   6.3000000e+04  -1.7060000e-01
   6.3900000e+04  -2.7260000e-01
   6.4800000e+04  -3.7760000e-01
   6.5700000e+04  -4.7560000e-01
   6.6600000e+04  -5.6060000e-01
   6.7500000e+04  -6.2360000e-01
   6.8400000e+04  -6.5960000e-01
   6.9300000e+04  -6.0660000e-01
   7.0200000e+04  -5.1660000e-01
   7.1100000e+04  -3.8660000e-01
   7.2000000e+04  -2.6560000e-01
   7.2900000e+04  -1.5160000e-01
   7.3800000e+04  -4.4600000e-02
   7.4700000e+04   7.5400000e-02
   7.5600000e+04   1.9740000e-01
   7.6500000e+04   3.1940000e-01
   7.7400000e+04   4.2940000e-01
   7.8300000e+04   5.3840000e-01
   7.9200000e+04   6.4140000e-01
   8.0100000e+04   7.3040000e-01
   8.1000000e+04   8.0740000e-01
   8.1900000e+04   8.6140000e-01
   8.2800000e+04   9.0340000e-01
   8.3700000e+04   9.3540000e-01
   8.4600000e+04   9.5940000e-01
   8.5500000e+04   9.7540000e-01
   8.6400000e+04   9.9040000e-01
   8.7300000e+04   9.9440000e-01
   8.8200000e+04   1.0004000e+00
   8.9100000e+04   9.9940000e-01
   9.0000000e+04   9.9340000e-01
   9.0900000e+04   9.8140000e-01
   9.1800000e+04   9.5540000e-01
   9.2700000e+04   9.1040000e-01
   9.3600000e+04   8.5440000e-01
   9.4500000e+04   8.0040000e-01
   9.5400000e+04   7.5740000e-01
   9.6300000e+04   7.1440000e-01
   9.7200000e+04   6.6140000e-01
   9.8100000e+04   6.0440000e-01
   9.9000000e+04   5.4140000e-01
   9.9900000e+04   4.7640000e-01
   1.0080000e+05   4.0740000e-01
   1.0170000e+05   3.1940000e-01
   1.0260000e+05   2.4240000e-01
   1.0350000e+05   1.5740000e-01
   1.0440000e+05   6.5400000e-02
   1.0530000e+05  -3.4600000e-02
   1.0620000e+05  -1.3360000e-01
   1.0710000e+05  -2.5260000e-01
   1.0800000e+05  -3.5160000e-01
   1.0890000e+05  -4.5260000e-01
   1.0980000e+05  -5.5960000e-01
   1.1070000e+05  -6.5460000e-01
   1.1160000e+05  -7.2960000e-01
   1.1250000e+05  -7.7960000e-01
   1.1340000e+05  -7.7660000e-01
   1.1430000e+05  -6.9060000e-01
   1.1520000e+05  -5.7460000e-01
   1.1610000e+05  -4.5560000e-01
   1.1700000e+05  -3.4360000e-01
   1.1790000e+05  -2.2060000e-01
   1.1880000e+05  -9.5600000e-02
   1.1970000e+05   3.0400000e-02
   1.2060000e+05   1.5940000e-01
   1.2150000e+05   2.8640000e-01
   1.2240000e+05   4.0640000e-01
   1.2330000e+05   5.1640000e-01
   1.2420000e+05   6.2440000e-01
   1.2510000e+05   7.1140000e-01
   1.2600000e+05   7.9340000e-01
   1.2690000e+05   8.4840000e-01
   1.2780000e+05   8.9840000e-01
   1.2870000e+05   9.2740000e-01
   1.2960000e+05   9.4540000e-01
   1.3050000e+05   9.5840000e-01
   1.3140000e+05   9.7540000e-01
   1.3230000e+05   9.7040000e-01
   1.3320000e+05   9.6940000e-01
   1.3410000e+05   9.6740000e-01
   1.3500000e+05   9.5940000e-01
   1.3590000e+05   9.4040000e-01
   1.3680000e+05   9.0440000e-01
   1.3770000e+05   8.5240000e-01
   1.3860000e+05   7.9940000e-01
   1.3950000e+05   7.4940000e-01
   1.4040000e+05   7.0840000e-01
   1.4130000e+05   6.4840000e-01
   1.4220000e+05   5.9240000e-01
   1.4310000e+05   5.3540000e-01
   1.4400000e+05   4.6740000e-01
   1.4490000e+05   3.8540000e-01
   1.4580000e+05   2.9840000e-01
   1.4670000e+05   2.2540000e-01
   1.4760000e+05   1.4040000e-01
   1.4850000e+05   4.1400000e-02
   1.4940000e+05  -5.6600000e-02
   1.5030000e+05  -1.6160000e-01
   1.5120000e+05  -2.7060000e-01
   1.5210000e+05  -3.7860000e-01
   1.5300000e+05  -4.9060000e-01
   1.5390000e+05  -5.9360000e-01
   1.5480000e+05  -6.8760000e-01
   1.5570000e+05  -7.7460000e-01
   1.5660000e+05  -8.2360000e-01
   1.5750000e+05  -8.1860000e-01
   1.5840000e+05  -7.3860000e-01
   1.5930000e+05  -6.3160000e-01
   1.6020000e+05  -5.0460000e-01
   1.6110000e+05  -3.8060000e-01
   1.6200000e+05  -2.5560000e-01
   1.6290000e+05  -1.3260000e-01
   1.6380000e+05  -6.6000000e-03
   1.6470000e+05   1.2440000e-01
   1.6560000e+05   2.5040000e-01
   1.6650000e+05   3.7140000e-01
   1.6740000e+05   4.8640000e-01
   1.6830000e+05   5.9640000e-01
   1.6920000e+05   6.9340000e-01
   1.7010000e+05   7.7940000e-01
   1.7100000e+05   8.5440000e-01
   1.7190000e+05   9.0540000e-01
   1.7280000e+05   9.3540000e-01
   1.7370000e+05   9.7040000e-01
   1.7460000e+05   9.9340000e-01
   1.7550000e+05   1.0034000e+00
   1.7640000e+05   1.0184000e+00
   1.7730000e+05   1.0194000e+00
   1.7820000e+05   1.0214000e+00
   1.7910000e+05   1.0224000e+00
   1.8000000e+05   1.0124000e+00
   1.8090000e+05   9.9640000e-01
   1.8180000e+05   9.6640000e-01
   1.8270000e+05   9.1140000e-01
   1.8360000e+05   8.5340000e-01
   1.8450000e+05   8.0340000e-01
   1.8540000e+05   7.6740000e-01
   1.8630000e+05   7.2140000e-01
   1.8720000e+05   6.4840000e-01
   1.8810000e+05   6.0640000e-01
   1.8900000e+05   5.5040000e-01
   1.8990000e+05   4.7940000e-01
   1.9080000e+05   4.1040000e-01
   1.9170000e+05   3.3140000e-01
   1.9260000e+05   2.5240000e-01
   1.9350000e+05   1.7740000e-01
   1.9440000e+05   7.3400000e-02
   1.9530000e+05  -2.5600000e-02
   1.9620000e+05  -1.1160000e-01
   1.9710000e+05  -2.2760000e-01
   1.9800000e+05  -3.3060000e-01
   1.9890000e+05  -4.2860000e-01
   1.9980000e+05  -5.2260000e-01
   2.0070000e+05  -6.0560000e-01
   2.0160000e+05  -6.6460000e-01
   2.0250000e+05  -6.8360000e-01
   2.0340000e+05  -6.2060000e-01
   2.0430000e+05  -5.1660000e-01
   2.0520000e+05  -3.7860000e-01
   2.0610000e+05  -2.6860000e-01
   2.0700000e+05  -1.6560000e-01
   2.0790000e+05  -4.9600000e-02
   2.0880000e+05   6.8400000e-02
   2.0970000e+05   1.9840000e-01
   2.1060000e+05   3.2540000e-01
   2.1150000e+05   4.3640000e-01
   2.1240000e+05   5.6940000e-01
   2.1330000e+05   6.9140000e-01
   2.1420000e+05   7.8240000e-01
   2.1510000e+05   8.6640000e-01
   2.1600000e+05   9.1140000e-01
   2.1690000e+05   9.5940000e-01
   2.1780000e+05   9.8840000e-01
   2.1870000e+05   1.0104000e+00
   2.1960000e+05   1.0204000e+00
   2.2050000e+05   1.0424000e+00
   2.2140000e+05   1.0534000e+00
   2.2230000e+05   1.0684000e+00
   2.2320000e+05   1.0734000e+00
   2.2410000e+05   1.0764000e+00
   2.2500000e+05   1.0704000e+00
   2.2590000e+05   1.0624000e+00
   2.2680000e+05   1.0424000e+00
   2.2770000e+05   9.8040000e-01
   2.2860000e+05   9.3640000e-01
   2.2950000e+05   8.8040000e-01
   2.3040000e+05   8.5540000e-01
   2.3130000e+05   8.0940000e-01
   2.3220000e+05   7.6040000e-01
   2.3310000e+05   6.9940000e-01
   2.3400000e+05   6.4840000e-01
   2.3490000e+05   5.8240000e-01
   2.3580000e+05   5.1440000e-01
   2.3670000e+05   4.5840000e-01
   2.3760000e+05   3.7940000e-01
   2.3850000e+05   3.0540000e-01
   2.3940000e+05   2.3940000e-01
   2.4030000e+05   1.3440000e-01
   2.4120000e+05   5.4400000e-02
   2.4210000e+05  -3.6600000e-02
   2.4300000e+05  -1.2860000e-01
   2.4390000e+05  -2.2860000e-01
   2.4480000e+05  -3.1160000e-01
   2.4570000e+05  -3.8960000e-01
   2.4660000e+05  -4.4260000e-01
   2.4750000e+05  -4.5460000e-01
   2.4840000e+05  -4.2360000e-01
   2.4930000e+05  -3.2260000e-01
   2.5020000e+05  -2.0360000e-01
   2.5110000e+05  -9.1600000e-02
   2.5200000e+05   1.5400000e-02
   2.5290000e+05   1.2640000e-01
   2.5380000e+05   2.4040000e-01
   2.5470000e+05   3.5340000e-01
   2.5560000e+05   4.6940000e-01
   2.5650000e+05   5.7640000e-01
   2.5740000e+05   6.7640000e-01
   2.5830000e+05   7.7440000e-01
   2.5920000e+05   8.4740000e-01
   2.6010000e+05   8.9840000e-01
   2.6100000e+05   9.3640000e-01
   2.6190000e+05   9.7240000e-01
   2.6280000e+05   9.8840000e-01
   2.6370000e+05   1.0084000e+00
   2.6460000e+05   1.0214000e+00
   2.6550000e+05   1.0424000e+00
   2.6640000e+05   1.0504000e+00
   2.6730000e+05   1.0534000e+00
   2.6820000e+05   1.0534000e+00
   2.6910000e+05   1.0494000e+00
   2.7000000e+05   1.0324000e+00
   2.7090000e+05   1.0154000e+00
   2.7180000e+05   9.7940000e-01
   2.7270000e+05   9.1740000e-01
   2.7360000e+05   8.6240000e-01
   2.7450000e+05   8.2140000e-01
   2.7540000e+05   7.8740000e-01
   2.7630000e+05   7.2740000e-01
   2.7720000e+05   6.7840000e-01
   2.7810000e+05   6.2340000e-01
   2.7900000e+05   5.5840000e-01
   2.7990000e+05   4.8640000e-01
   2.8080000e+05   4.2040000e-01
   2.8170000e+05   3.4440000e-01
   2.8260000e+05   2.6340000e-01
   2.8350000e+05   1.7840000e-01
   2.8440000e+05   8.2400000e-02
   2.8530000e+05  -2.6000000e-03
   2.8620000e+05  -9.1600000e-02
   2.8710000e+05  -2.0260000e-01
   2.8800000e+05  -3.1260000e-01
   2.8890000e+05  -3.9860000e-01
   2.8980000e+05  -4.9560000e-01
   2.9070000e+05  -5.8360000e-01
   2.9160000e+05  -6.4360000e-01
   2.9250000e+05  -6.7660000e-01
   2.9340000e+05  -6.3760000e-01
   2.9430000e+05  -5.4560000e-01
   2.9520000e+05  -4.2660000e-01
   2.9610000e+05  -3.0960000e-01
   2.9700000e+05  -2.0360000e-01
   2.9790000e+05  -8.3600000e-02
   2.9880000e+05   3.3400000e-02
   2.9970000e+05   1.4740000e-01
   3.0060000e+05   2.6540000e-01
   3.0150000e+05   3.8340000e-01
   3.0240000e+05   4.8640000e-01
   3.0330000e+05   5.7740000e-01
   3.0420000e+05   6.6940000e-01
   3.0510000e+05   7.4340000e-01
   3.0600000e+05   8.0740000e-01
   3.0690000e+05   8.5640000e-01
   3.0780000e+05   8.9140000e-01
   3.0870000e+05   9.0440000e-01
   3.0960000e+05   9.2640000e-01
   3.1050000e+05   9.3640000e-01
   3.1140000e+05   9.4140000e-01
   3.1230000e+05   9.4240000e-01
   3.1320000e+05   9.4640000e-01
   3.1410000e+05   9.3140000e-01
   3.1500000e+05   9.2040000e-01
   3.1590000e+05   8.9040000e-01
   3.1680000e+05   8.4940000e-01
   3.1770000e+05   7.9640000e-01
   3.1860000e+05   7.4540000e-01
   3.1950000e+05   7.0640000e-01
   3.2040000e+05   6.6340000e-01
   3.2130000e+05   6.0340000e-01
   3.2220000e+05   5.5140000e-01
   3.2310000e+05   4.9140000e-01
   3.2400000e+05   4.1640000e-01
   3.2490000e+05   3.4240000e-01
   3.2580000e+05   2.7840000e-01
   3.2670000e+05   1.9540000e-01
   3.2760000e+05   1.1540000e-01
   3.2850000e+05   3.2400000e-02
   3.2940000e+05  -5.7600000e-02
   3.3030000e+05  -1.5060000e-01
   3.3120000e+05  -2.3760000e-01
   3.3210000e+05  -3.2560000e-01
   3.3300000e+05  -3.9060000e-01
   3.3390000e+05  -4.2860000e-01
   3.3480000e+05  -4.3760000e-01
   3.3570000e+05  -3.8860000e-01
   3.3660000e+05  -3.1760000e-01
   3.3750000e+05  -2.3660000e-01
   3.3840000e+05  -1.0560000e-01
   3.3930000e+05  -1.6600000e-02
   3.4020000e+05   8.4400000e-02
   3.4110000e+05   1.8540000e-01
   3.4200000e+05   2.9840000e-01
   3.4290000e+05   4.0640000e-01
   3.4380000e+05   5.1240000e-01
   3.4470000e+05   6.0640000e-01
   3.4560000e+05   7.0440000e-01
   3.4650000e+05   7.8540000e-01
   3.4740000e+05   8.6340000e-01
   3.4830000e+05   9.0740000e-01
   3.4920000e+05   9.4940000e-01
   3.5010000e+05   9.8540000e-01
   3.5100000e+05   1.0144000e+00
   3.5190000e+05   1.0364000e+00
   3.5280000e+05   1.0524000e+00
   3.5370000e+05   1.0764000e+00
   3.5460000e+05   1.0914000e+00
   3.5550000e+05   1.1134000e+00
   3.5640000e+05   1.1254000e+00
   3.5730000e+05   1.1334000e+00
   3.5820000e+05   1.1454000e+00
   3.5910000e+05   1.1444000e+00
   3.6000000e+05   1.1384000e+00
   3.6090000e+05   1.1264000e+00
   3.6180000e+05   1.0924000e+00
   3.6270000e+05   1.0484000e+00
   3.6360000e+05   9.9240000e-01
   3.6450000e+05   9.5440000e-01
   3.6540000e+05   9.2340000e-01
   3.6630000e+05   8.9240000e-01
   3.6720000e+05   8.4540000e-01
   3.6810000e+05   8.0340000e-01
   3.6900000e+05   7.4840000e-01
   3.6990000e+05   6.9840000e-01
   3.7080000e+05   6.4740000e-01
   3.7170000e+05   5.8540000e-01
   3.7260000e+05   5.3340000e-01
   3.7350000e+05   4.7240000e-01
   3.7440000e+05   4.0540000e-01
   3.7530000e+05   3.3740000e-01
   3.7620000e+05   2.6540000e-01
   3.7710000e+05   2.1040000e-01
   3.7800000e+05   1.4540000e-01
   3.7890000e+05   8.2400000e-02
   3.7980000e+05   1.2400000e-02
   3.8070000e+05  -3.1600000e-02
   3.8160000e+05  -5.5600000e-02
   3.8250000e+05  -6.4600000e-02
   3.8340000e+05  -4.5600000e-02
   3.8430000e+05   9.4000000e-03
   3.8520000e+05   1.0540000e-01
   3.8610000e+05   1.9840000e-01
   3.8700000e+05   2.8540000e-01
   3.8790000e+05   3.7640000e-01
   3.8880000e+05   4.6540000e-01
   3.8970000e+05   5.7740000e-01
   3.9060000e+05   6.5240000e-01
   3.9150000e+05   7.3040000e-01
   3.9240000e+05   8.0240000e-01
   3.9330000e+05   8.4940000e-01
   3.9420000e+05   8.8740000e-01
   3.9510000e+05   9.3440000e-01
   3.9600000e+05   9.6240000e-01
   3.9690000e+05   9.9440000e-01
   3.9780000e+05   1.0084000e+00
   3.9870000e+05   1.0304000e+00
   3.9960000e+05   1.0534000e+00
   4.0050000e+05   1.0704000e+00
   4.0140000e+05   1.0814000e+00
   4.0230000e+05   1.0984000e+00
   4.0320000e+05   1.1064000e+00
   4.0410000e+05   1.1104000e+00
   4.0500000e+05   1.1184000e+00
   4.0590000e+05   1.1154000e+00
   4.0680000e+05   1.1094000e+00
   4.0770000e+05   1.0914000e+00
   4.0860000e+05   1.0524000e+00
   4.0950000e+05   1.0044000e+00
   4.1040000e+05   9.7040000e-01
   4.1130000e+05   9.4040000e-01
   4.1220000e+05   9.1040000e-01
   4.1310000e+05   8.6240000e-01
   4.1400000e+05   8.2340000e-01
   4.1490000e+05   7.8340000e-01
   4.1580000e+05   7.3840000e-01
   4.1670000e+05   6.9240000e-01
   4.1760000e+05   6.4840000e-01
   4.1850000e+05   6.0140000e-01
   4.1940000e+05   5.4640000e-01
   4.2030000e+05   4.9140000e-01
   4.2120000e+05   4.4240000e-01
   4.2210000e+05   3.9540000e-01
   4.2300000e+05   3.5640000e-01
   4.2390000e+05   3.2440000e-01
   4.2480000e+05   2.9240000e-01
   4.2570000e+05   2.7940000e-01
   4.2660000e+05   2.8740000e-01
   4.2750000e+05   3.0840000e-01
   4.2840000e+05   3.5140000e-01
   4.2930000e+05   4.1440000e-01
   4.3020000e+05   4.9940000e-01
   4.3110000e+05   5.9440000e-01
   4.3200000e+05   6.7040000e-01
   4.3290000e+05   7.3340000e-01
   4.3380000e+05   8.0740000e-01
   4.3470000e+05   8.7340000e-01
   4.3560000e+05   9.2440000e-01
   4.3650000e+05   9.5640000e-01
   4.3740000e+05   9.8940000e-01
   4.3830000e+05   1.0204000e+00
   4.3920000e+05   1.0524000e+00
   4.4010000e+05   1.0774000e+00
   4.4100000e+05   1.1064000e+00
   4.4190000e+05   1.1264000e+00
   4.4280000e+05   1.1494000e+00
   4.4370000e+05   1.1794000e+00
   4.4460000e+05   1.2104000e+00
   4.4550000e+05   1.2324000e+00
   4.4640000e+05   1.2534000e+00
   4.4730000e+05   1.2704000e+00
   4.4820000e+05   1.2824000e+00
   4.4910000e+05   1.2964000e+00
   4.5000000e+05   1.3024000e+00
   4.5090000e+05   1.3084000e+00
   4.5180000e+05   1.2974000e+00
   4.5270000e+05   1.2824000e+00
   4.5360000e+05   1.2544000e+00
   4.5450000e+05   1.2134000e+00
   4.5540000e+05   1.1764000e+00
   4.5630000e+05   1.1484000e+00
   4.5720000e+05   1.1164000e+00
   4.5810000e+05   1.0944000e+00
   4.5900000e+05   1.0494000e+00
   4.5990000e+05   1.0124000e+00
   4.6080000e+05   9.8040000e-01
   4.6170000e+05   9.3840000e-01
   4.6260000e+05   8.9240000e-01
   4.6350000e+05   8.4940000e-01
   4.6440000e+05   8.0940000e-01
   4.6530000e+05   7.6540000e-01
   4.6620000e+05   7.3340000e-01
   4.6710000e+05   6.7940000e-01
   4.6800000e+05   6.4340000e-01
   4.6890000e+05   6.1940000e-01
   4.6980000e+05   5.9740000e-01
   4.7070000e+05   5.6340000e-01
   4.7160000e+05   5.5440000e-01
   4.7250000e+05   5.6840000e-01
   4.7340000e+05   5.7440000e-01
   4.7430000e+05   6.1340000e-01
   4.7520000e+05   6.3140000e-01
   4.7610000e+05   6.6440000e-01
   4.7700000e+05   7.1840000e-01
   4.7790000e+05   7.7940000e-01
   4.7880000e+05   8.4240000e-01
   4.7970000e+05   8.7340000e-01
   4.8060000e+05   9.1240000e-01
   4.8150000e+05   9.5540000e-01
   4.8240000e+05   9.8140000e-01
   4.8330000e+05   1.0104000e+00
   4.8420000e+05   1.0374000e+00
   4.8510000e+05   1.0584000e+00
   4.8600000e+05   1.0844000e+00
   4.8690000e+05   1.1054000e+00
   4.8780000e+05   1.1304000e+00
   4.8870000e+05   1.1544000e+00
   4.8960000e+05   1.1804000e+00
   4.9050000e+05   1.1944000e+00
   4.9140000e+05   1.2134000e+00
   4.9230000e+05   1.2284000e+00
   4.9320000e+05   1.2364000e+00
   4.9410000e+05   1.2444000e+00
   4.9500000e+05   1.2454000e+00
   4.9590000e+05   1.2464000e+00
   4.9680000e+05   1.2334000e+00
   4.9770000e+05   1.2074000e+00
   4.9860000e+05   1.1714000e+00
   4.9950000e+05   1.1414000e+00
   5.0040000e+05   1.1104000e+00
   5.0130000e+05   1.0834000e+00
   5.0220000e+05   1.0574000e+00
   5.0310000e+05   1.0214000e+00
   5.0400000e+05   9.7940000e-01
   5.0490000e+05   9.4240000e-01
   5.0580000e+05   9.0040000e-01
   5.0670000e+05   8.5740000e-01
   5.0760000e+05   8.2540000e-01
   5.0850000e+05   7.7940000e-01
   5.0940000e+05   7.3340000e-01
   5.1030000e+05   6.9040000e-01
   5.1120000e+05   6.3940000e-01
   5.1210000e+05   6.1340000e-01
   5.1300000e+05   5.8440000e-01
   5.1390000e+05   5.6340000e-01
   5.1480000e+05   5.3240000e-01
   5.1570000e+05   5.3440000e-01
   5.1660000e+05   5.3040000e-01
   5.1750000e+05   5.3740000e-01
   5.1840000e+05   5.5540000e-01
   5.1930000e+05   5.9440000e-01
   5.2020000e+05   6.6240000e-01
   5.2110000e+05   7.3440000e-01
   5.2200000e+05   8.0140000e-01
   5.2290000e+05   8.4740000e-01
   5.2380000e+05   8.8340000e-01
   5.2470000e+05   9.2840000e-01
   5.2560000e+05   9.7340000e-01
   5.2650000e+05   1.0024000e+00
   5.2740000e+05   1.0304000e+00
   5.2830000e+05   1.0554000e+00
   5.2920000e+05   1.0904000e+00
   5.3010000e+05   1.1144000e+00
   5.3100000e+05   1.1394000e+00
   5.3190000e+05   1.1634000e+00
   5.3280000e+05   1.1924000e+00
   5.3370000e+05   1.2214000e+00
   5.3460000e+05   1.2434000e+00
   5.3550000e+05   1.2664000e+00
   5.3640000e+05   1.2824000e+00
   5.3730000e+05   1.3074000e+00
   5.3820000e+05   1.3204000e+00
   5.3910000e+05   1.3324000e+00
   5.4000000e+05   1.3414000e+00
   5.4090000e+05   1.3494000e+00
   5.4180000e+05   1.3534000e+00
   5.4270000e+05   1.3424000e+00
   5.4360000e+05   1.3284000e+00
   5.4450000e+05   1.2964000e+00
   5.4540000e+05   1.2634000e+00
   5.4630000e+05   1.2344000e+00
   5.4720000e+05   1.2104000e+00
   5.4810000e+05   1.1814000e+00
   5.4900000e+05   1.1554000e+00
   5.4990000e+05   1.1194000e+00
   5.5080000e+05   1.0834000e+00
   5.5170000e+05   1.0514000e+00
   5.5260000e+05   1.0154000e+00
   5.5350000e+05   9.7640000e-01
   5.5440000e+05   9.3540000e-01
   5.5530000e+05   9.0040000e-01
   5.5620000e+05   8.6740000e-01
   5.5710000e+05   8.3340000e-01
   5.5800000e+05   7.9240000e-01
   5.5890000e+05   7.6440000e-01
   5.5980000e+05   7.4340000e-01
   5.6070000e+05   7.2940000e-01
   5.6160000e+05   7.0940000e-01
   5.6250000e+05   6.8840000e-01
   5.6340000e+05   6.9840000e-01
   5.6430000e+05   7.0040000e-01
   5.6520000e+05   7.3340000e-01
   5.6610000e+05   7.4840000e-01
   5.6700000e+05   7.8040000e-01
   5.6790000e+05   8.2740000e-01
   5.6880000e+05   8.6840000e-01
   5.6970000e+05   9.0640000e-01
   5.7060000e+05   9.3640000e-01
   5.7150000e+05   9.6940000e-01
   5.7240000e+05   9.9540000e-01
   5.7330000e+05   1.0274000e+00
   5.7420000e+05   1.0484000e+00
   5.7510000e+05   1.0684000e+00
   5.7600000e+05   1.0944000e+00
   5.7690000e+05   1.1154000e+00
   5.7780000e+05   1.1284000e+00
   5.7870000e+05   1.1524000e+00
   5.7960000e+05   1.1674000e+00
   5.8050000e+05   1.1824000e+00
   5.8140000e+05   1.1934000e+00
   5.8230000e+05   1.2034000e+00
   5.8320000e+05   1.2094000e+00
   5.8410000e+05   1.2164000e+00
   5.8500000e+05   1.2134000e+00
   5.8590000e+05   1.2094000e+00
   5.8680000e+05   1.1904000e+00
   5.8770000e+05   1.1624000e+00
   5.8860000e+05   1.1254000e+00
   5.8950000e+05   1.0914000e+00
   5.9040000e+05   1.0694000e+00
   5.9130000e+05   1.0354000e+00
   5.9220000e+05   1.0044000e+00
   5.9310000e+05   9.7040000e-01
   5.9400000e+05   9.2740000e-01
   5.9490000e+05   8.8840000e-01
   5.9580000e+05   8.4640000e-01
   5.9670000e+05   8.1140000e-01
   5.9760000e+05   7.5640000e-01
   5.9850000e+05   7.2240000e-01
   5.9940000e+05   6.6740000e-01
   6.0030000e+05   6.2940000e-01
   6.0120000e+05   5.9140000e-01
   6.0210000e+05   5.5540000e-01
   6.0300000e+05   5.2640000e-01
   6.0390000e+05   5.0140000e-01
   6.0480000e+05   4.9240000e-01
   6.0570000e+05   4.7940000e-01
   6.0660000e+05   4.8940000e-01
   6.0750000e+05   5.0140000e-01
   6.0840000e+05   5.3640000e-01
   6.0930000e+05   5.8640000e-01
   6.1020000e+05   6.4840000e-01
   6.1110000e+05   7.1240000e-01
   6.1200000e+05   7.8340000e-01
   6.1290000e+05   8.2140000e-01
   6.1380000e+05   8.7140000e-01
   6.1470000e+05   9.0240000e-01
   6.1560000e+05   9.4040000e-01
   6.1650000e+05   9.7540000e-01
   6.1740000e+05   1.0004000e+00
   6.1830000e+05   1.0314000e+00
   6.1920000e+05   1.0514000e+00
   6.2010000e+05   1.0774000e+00
   6.2100000e+05   1.0994000e+00
   6.2190000e+05   1.1244000e+00
   6.2280000e+05   1.1464000e+00
   6.2370000e+05   1.1714000e+00
   6.2460000e+05   1.1834000e+00
   6.2550000e+05   1.2034000e+00
   6.2640000e+05   1.2184000e+00
   6.2730000e+05   1.2344000e+00
   6.2820000e+05   1.2444000e+00
   6.2910000e+05   1.2504000e+00
   6.3000000e+05   1.2514000e+00
   6.3090000e+05   1.2584000e+00
   6.3180000e+05   1.2444000e+00
   6.3270000e+05   1.2234000e+00
   6.3360000e+05   1.1834000e+00
   6.3450000e+05   1.1474000e+00
   6.3540000e+05   1.1214000e+00
   6.3630000e+05   1.0964000e+00
   6.3720000e+05   1.0614000e+00
   6.3810000e+05   1.0294000e+00
   6.3900000e+05   9.9240000e-01
   6.3990000e+05   9.5340000e-01
   6.4080000e+05   9.1440000e-01
   6.4170000e+05   8.7540000e-01
   6.4260000e+05   8.3440000e-01
   6.4350000e+05   7.9040000e-01
   6.4440000e+05   7.4340000e-01
   6.4530000e+05   6.9540000e-01
   6.4620000e+05   6.5740000e-01
   6.4710000e+05   6.1840000e-01
   6.4800000e+05   5.8240000e-01
   6.4890000e+05   5.4040000e-01
   6.4980000e+05   5.1440000e-01
   6.5070000e+05   4.9040000e-01
   6.5160000e+05   4.6840000e-01
   6.5250000e+05   4.6140000e-01
   6.5340000e+05   4.6640000e-01
   6.5430000e+05   4.7740000e-01
   6.5520000e+05   5.0240000e-01
   6.5610000e+05   5.4240000e-01
   6.5700000e+05   6.0940000e-01
   6.5790000e+05   6.7540000e-01
   6.5880000e+05   7.2040000e-01
   6.5970000e+05   7.6140000e-01
   6.6060000e+05   8.0140000e-01
   6.6150000e+05   8.4240000e-01
   6.6240000e+05   8.7940000e-01
   6.6330000e+05   9.1040000e-01
   6.6420000e+05   9.3740000e-01
   6.6510000e+05   9.5240000e-01
   6.6600000e+05   9.7340000e-01
   6.6690000e+05   9.8940000e-01
   6.6780000e+05   1.0054000e+00
   6.6870000e+05   1.0224000e+00
   6.6960000e+05   1.0254000e+00
   6.7050000e+05   1.0404000e+00
   6.7140000e+05   1.0514000e+00
   6.7230000e+05   1.0524000e+00
   6.7320000e+05   1.0594000e+00
   6.7410000e+05   1.0554000e+00
   6.7500000e+05   1.0494000e+00
   6.7590000e+05   1.0284000e+00
   6.7680000e+05   9.9640000e-01
   6.7770000e+05   9.5740000e-01
   6.7860000e+05   9.3040000e-01
   6.7950000e+05   9.0140000e-01
   6.8040000e+05   8.6840000e-01
   6.8130000e+05   8.2440000e-01
   6.8220000e+05   7.8940000e-01
   6.8310000e+05   7.4140000e-01
   6.8400000e+05   7.0140000e-01
   6.8490000e+05   6.4840000e-01
   6.8580000e+05   6.0640000e-01
   6.8670000e+05   5.4440000e-01
   6.8760000e+05   4.9740000e-01
   6.8850000e+05   4.4240000e-01
   6.8940000e+05   3.8840000e-01
   6.9030000e+05   3.3540000e-01
   6.9120000e+05   2.8540000e-01
   6.9210000e+05   2.4240000e-01
   6.9300000e+05   1.9640000e-01
   6.9390000e+05   1.5940000e-01
   6.9480000e+05   1.4640000e-01
   6.9570000e+05   1.5340000e-01
   6.9660000e+05   1.7540000e-01
   6.9750000e+05   2.1140000e-01
   6.9840000e+05   2.8340000e-01
   6.9930000e+05   3.5340000e-01
   7.0020000e+05   4.3740000e-01
   7.0110000e+05   5.0440000e-01
   7.0200000e+05   5.7540000e-01
   7.0290000e+05   6.4940000e-01
   7.0380000e+05   7.1240000e-01
   7.0470000e+05   7.7540000e-01
   7.0560000e+05   8.2240000e-01
   7.0650000e+05   8.6940000e-01
   7.0740000e+05   9.0940000e-01
   7.0830000e+05   9.4840000e-01
   7.0920000e+05   9.6440000e-01
   7.1010000e+05   9.9440000e-01
   7.1100000e+05   1.0134000e+00
   7.1190000e+05   1.0384000e+00
   7.1280000e+05   1.0454000e+00
   7.1370000e+05   1.0634000e+00
   7.1460000e+05   1.0784000e+00
   7.1550000e+05   1.0864000e+00
   7.1640000e+05   1.0934000e+00
   7.1730000e+05   1.1054000e+00
   7.1820000e+05   1.1074000e+00
   7.1910000e+05   1.1044000e+00
   7.2000000e+05   1.0974000e+00
   7.2090000e+05   1.0764000e+00
   7.2180000e+05   1.0434000e+00
   7.2270000e+05   1.0034000e+00
   7.2360000e+05   9.6840000e-01
   7.2450000e+05   9.3340000e-01
   7.2540000e+05   9.0940000e-01
   7.2630000e+05   8.7140000e-01
   7.2720000e+05   8.2240000e-01
   7.2810000e+05   7.8140000e-01
   7.2900000e+05   7.3840000e-01
   7.2990000e+05   6.9240000e-01
   7.3080000e+05   6.4940000e-01
   7.3170000e+05   5.8440000e-01
   7.3260000e+05   5.4440000e-01
   7.3350000e+05   4.8340000e-01
   7.3440000e+05   4.2140000e-01
   7.3530000e+05   3.6540000e-01
   7.3620000e+05   3.1140000e-01
   7.3710000e+05   2.5640000e-01
   7.3800000e+05   2.0440000e-01
   7.3890000e+05   1.6140000e-01
   7.3980000e+05   1.1240000e-01
   7.4070000e+05   7.6400000e-02
   7.4160000e+05   5.5400000e-02
   7.4250000e+05   5.6400000e-02
   7.4340000e+05   8.3400000e-02
   7.4430000e+05   1.4640000e-01
   7.4520000e+05   2.1540000e-01
   7.4610000e+05   2.9140000e-01
   7.4700000e+05   3.5340000e-01
   7.4790000e+05   4.2940000e-01
   7.4880000e+05   5.0640000e-01
   7.4970000e+05   5.7540000e-01
   7.5060000e+05   6.3940000e-01
   7.5150000e+05   6.9640000e-01
   7.5240000e+05   7.5240000e-01
   7.5330000e+05   7.8940000e-01
   7.5420000e+05   8.2440000e-01
   7.5510000e+05   8.4640000e-01
   7.5600000e+05   8.7540000e-01
   7.5690000e+05   8.9540000e-01
   7.5780000e+05   9.0240000e-01
   7.5870000e+05   9.2540000e-01
   7.5960000e+05   9.2540000e-01
   7.6050000e+05   9.2740000e-01
   7.6140000e+05   9.3540000e-01
   7.6230000e+05   9.3340000e-01
   7.6320000e+05   9.2940000e-01
   7.6410000e+05   9.1040000e-01
   7.6500000e+05   8.8540000e-01
   7.6590000e+05   8.5440000e-01
   7.6680000e+05   8.1640000e-01
   7.6770000e+05   7.8140000e-01
   7.6860000e+05   7.4340000e-01
   7.6950000e+05   6.9740000e-01
   7.7040000e+05   6.4940000e-01
   7.7130000e+05   6.0540000e-01
   7.7220000e+05   5.3340000e-01
   7.7310000e+05   4.8940000e-01
   7.7400000e+05   4.2540000e-01
   7.7490000e+05   3.7040000e-01
   7.7580000e+05   2.9540000e-01
   7.7670000e+05   2.2240000e-01
   7.7760000e+05   1.5040000e-01
   7.7850000e+05   8.0400000e-02
   7.7940000e+05   8.4000000e-03
   7.8030000e+05  -6.0600000e-02
   7.8120000e+05  -1.2660000e-01
   7.8210000e+05  -1.8260000e-01
   7.8300000e+05  -2.2260000e-01
   7.8390000e+05  -2.4360000e-01
   7.8480000e+05  -2.3960000e-01
   7.8570000e+05  -2.0060000e-01
   7.8660000e+05  -1.3260000e-01
   7.8750000e+05  -6.8600000e-02
   7.8840000e+05   1.0400000e-02
   7.8930000e+05   9.2400000e-02
   7.9020000e+05   1.7540000e-01
   7.9110000e+05   2.6740000e-01
   7.9200000e+05   3.5040000e-01
   7.9290000e+05   4.3740000e-01
   7.9380000e+05   5.1840000e-01
   7.9470000e+05   5.9840000e-01
   7.9560000e+05   6.6340000e-01
   7.9650000e+05   7.3940000e-01
   7.9740000e+05   7.9640000e-01
   7.9830000e+05   8.3440000e-01
   7.9920000e+05   8.7340000e-01
   8.0010000e+05   8.9940000e-01
   8.0100000e+05   9.2140000e-01
   8.0190000e+05   9.4240000e-01
   8.0280000e+05   9.5640000e-01
   8.0370000e+05   9.6840000e-01
   8.0460000e+05   9.7740000e-01
   8.0550000e+05   9.8240000e-01
   8.0640000e+05   9.8340000e-01
   8.0730000e+05   9.8140000e-01
   8.0820000e+05   9.7640000e-01
   8.0910000e+05   9.6240000e-01
   8.1000000e+05   9.3740000e-01
   8.1090000e+05   9.0740000e-01
   8.1180000e+05   8.6340000e-01
   8.1270000e+05   8.2740000e-01
   8.1360000e+05   7.9340000e-01
   8.1450000e+05   7.5340000e-01
   8.1540000e+05   7.1140000e-01
   8.1630000e+05   6.6240000e-01
   8.1720000e+05   6.1540000e-01
   8.1810000e+05   5.6040000e-01
   8.1900000e+05   5.0540000e-01
   8.1990000e+05   4.4040000e-01
   8.2080000e+05   3.8440000e-01
   8.2170000e+05   3.0140000e-01
   8.2260000e+05   2.3640000e-01
   8.2350000e+05   1.5740000e-01
   8.2440000e+05   7.6400000e-02
   8.2530000e+05   4.0000000e-04
   8.2620000e+05  -8.2600000e-02
   8.2710000e+05  -1.5460000e-01
   8.2800000e+05  -2.1960000e-01
   8.2890000e+05  -2.7460000e-01
   8.2980000e+05  -3.1260000e-01
   8.3070000e+05  -3.2260000e-01
   8.3160000e+05  -3.0460000e-01
   8.3250000e+05  -2.3960000e-01
   8.3340000e+05  -1.7960000e-01
   8.3430000e+05  -1.0960000e-01
   8.3520000e+05  -2.4600000e-02
   8.3610000e+05   6.1400000e-02
   8.3700000e+05   1.4540000e-01
   8.3790000e+05   2.3040000e-01
   8.3880000e+05   3.0240000e-01
   8.3970000e+05   3.8140000e-01
   8.4060000e+05   4.5340000e-01
   8.4150000e+05   5.2540000e-01
   8.4240000e+05   5.8940000e-01
   8.4330000e+05   6.4240000e-01
   8.4420000e+05   6.9440000e-01
   8.4510000e+05   7.2940000e-01
   8.4600000e+05   7.6940000e-01
   8.4690000e+05   7.9740000e-01
   8.4780000e+05   8.1740000e-01
   8.4870000e+05   8.3040000e-01
   8.4960000e+05   8.4440000e-01
   8.5050000e+05   8.4740000e-01
   8.5140000e+05   8.4940000e-01
   8.5230000e+05   8.4240000e-01
   8.5320000e+05   8.2740000e-01
   8.5410000e+05   8.0340000e-01
   8.5500000e+05   7.6940000e-01
   8.5590000e+05   7.2440000e-01
   8.5680000e+05   6.8240000e-01
   8.5770000e+05   6.4140000e-01
   8.5860000e+05   5.8840000e-01
   8.5950000e+05   5.3840000e-01
   8.6040000e+05   4.7440000e-01
   8.6130000e+05   4.1140000e-01
   8.6220000e+05   3.5040000e-01
   8.6310000e+05   2.7740000e-01
   8.6400000e+05   2.0740000e-01
   8.6490000e+05   1.3340000e-01
   8.6580000e+05   5.5400000e-02
   8.6670000e+05  -3.4600000e-02
   8.6760000e+05  -1.0560000e-01
   8.6850000e+05  -1.8360000e-01
   8.6940000e+05  -2.4760000e-01
   8.7030000e+05  -3.1160000e-01
   8.7120000e+05  -3.5960000e-01
   8.7210000e+05  -3.9360000e-01
   8.7300000e+05  -4.0260000e-01
   8.7390000e+05  -3.9060000e-01
   8.7480000e+05  -3.3460000e-01
   8.7570000e+05  -2.6560000e-01
   8.7660000e+05  -2.0760000e-01
   8.7750000e+05  -1.2260000e-01
   8.7840000e+05  -2.8600000e-02
   8.7930000e+05   6.2400000e-02
   8.8020000e+05   1.5740000e-01
   8.8110000e+05   2.3740000e-01
   8.8200000e+05   3.2640000e-01
   8.8290000e+05   4.1540000e-01
   8.8380000e+05   5.0040000e-01
   8.8470000e+05   5.7940000e-01
   8.8560000e+05   6.5340000e-01
   8.8650000e+05   7.1840000e-01
   8.8740000e+05   7.7540000e-01
   8.8830000e+05   8.2140000e-01
   8.8920000e+05   8.5040000e-01
   8.9010000e+05   8.8340000e-01
   8.9100000e+05   9.0740000e-01
   8.9190000e+05   9.2340000e-01
   8.9280000e+05   9.4040000e-01
   8.9370000e+05   9.4840000e-01
   8.9460000e+05   9.5540000e-01
   8.9550000e+05   9.5840000e-01
   8.9640000e+05   9.5440000e-01
   8.9730000e+05   9.5140000e-01
   8.9820000e+05   9.4540000e-01
   8.9910000e+05   9.2440000e-01
   9.0000000e+05   8.8140000e-01
   9.0090000e+05   8.4640000e-01
   9.0180000e+05   8.0440000e-01
   9.0270000e+05   7.6640000e-01
   9.0360000e+05   7.2840000e-01
   9.0450000e+05   6.8040000e-01
   9.0540000e+05   6.2640000e-01
   9.0630000e+05   5.7440000e-01
   9.0720000e+05   5.1540000e-01
   9.0810000e+05   4.5440000e-01
   9.0900000e+05   3.8240000e-01
   9.0990000e+05   3.0740000e-01
   9.1080000e+05   2.4440000e-01
   9.1170000e+05   1.6440000e-01
   9.1260000e+05   7.7400000e-02
   9.1350000e+05  -3.6000000e-03
   9.1440000e+05  -9.3600000e-02
   9.1530000e+05  -1.7760000e-01
   9.1620000e+05  -2.5160000e-01
   9.1710000e+05  -3.2160000e-01
   9.1800000e+05  -3.7760000e-01
   9.1890000e+05  -4.1760000e-01
   9.1980000e+05  -4.2960000e-01
   9.2070000e+05  -4.2360000e-01
   9.2160000e+05  -3.7960000e-01
   9.2250000e+05  -3.1760000e-01
   9.2340000e+05  -2.4160000e-01
   9.2430000e+05  -1.6060000e-01
   9.2520000e+05  -7.6600000e-02
   9.2610000e+05   1.5400000e-02
   9.2700000e+05   9.1400000e-02
   9.2790000e+05   1.7640000e-01
   9.2880000e+05   2.6640000e-01
   9.2970000e+05   3.4940000e-01
   9.3060000e+05   4.2240000e-01
   9.3150000e+05   4.9840000e-01
   9.3240000e+05   5.6540000e-01
   9.3330000e+05   6.2340000e-01
   9.3420000e+05   6.8140000e-01
   9.3510000e+05   7.3140000e-01
   9.3600000e+05   7.6640000e-01
   9.3690000e+05   7.9740000e-01
   9.3780000e+05   8.2140000e-01
   9.3870000e+05   8.3140000e-01
   9.3960000e+05   8.3340000e-01
   9.4050000e+05   8.3240000e-01
   9.4140000e+05   8.3340000e-01
   9.4230000e+05   8.1540000e-01
   9.4320000e+05   7.9740000e-01
   9.4410000e+05   7.6140000e-01
   9.4500000e+05   7.0640000e-01
   9.4590000e+05   6.8040000e-01
   9.4680000e+05   6.3640000e-01
   9.4770000e+05   5.8740000e-01
   9.4860000e+05   5.3340000e-01
   9.4950000e+05   4.7240000e-01
   9.5040000e+05   4.2140000e-01
   9.5130000e+05   3.4940000e-01
   9.5220000e+05   2.7640000e-01
   9.5310000e+05   2.0540000e-01
   9.5400000e+05   1.3040000e-01
   9.5490000e+05   4.3400000e-02
   9.5580000e+05  -3.7600000e-02
   9.5670000e+05  -1.2260000e-01
   9.5760000e+05  -2.0460000e-01
   9.5850000e+05  -2.8260000e-01
   9.5940000e+05  -3.4660000e-01
   9.6030000e+05  -4.3960000e-01
   9.6120000e+05  -4.5560000e-01
   9.6210000e+05  -4.8360000e-01
   9.6300000e+05  -4.9260000e-01
   9.6390000e+05  -4.7360000e-01
   9.6480000e+05  -4.0460000e-01
   9.6570000e+05  -3.2960000e-01
   9.6660000e+05  -2.4360000e-01
   9.6750000e+05  -1.5160000e-01
   9.6840000e+05  -5.7600000e-02
   9.6930000e+05   3.8400000e-02
   9.7020000e+05   1.3040000e-01
   9.7110000e+05   2.1440000e-01
   9.7200000e+05   3.1140000e-01
   9.7290000e+05   4.0040000e-01
   9.7380000e+05   4.8240000e-01
   9.7470000e+05   5.5540000e-01
   9.7560000e+05   6.3040000e-01
   9.7650000e+05   6.9540000e-01
   9.7740000e+05   7.5340000e-01
   9.7830000e+05   8.0240000e-01
   9.7920000e+05   8.4740000e-01
   9.8010000e+05   8.7940000e-01
   9.8100000e+05   8.9940000e-01
   9.8190000e+05   9.2640000e-01
   9.8280000e+05   9.3640000e-01
   9.8370000e+05   9.4940000e-01
   9.8460000e+05   9.5240000e-01
   9.8550000e+05   9.5340000e-01
   9.8640000e+05   9.5140000e-01
   9.8730000e+05   9.4240000e-01
   9.8820000e+05   9.2540000e-01
   9.8910000e+05   9.0340000e-01
   9.9000000e+05   8.6740000e-01
   9.9090000e+05   8.2640000e-01
   9.9180000e+05   7.8240000e-01
   9.9270000e+05   7.4740000e-01
   9.9360000e+05   7.0040000e-01
   9.9450000e+05   6.4740000e-01
   9.9540000e+05   5.9640000e-01
   9.9630000e+05   5.3740000e-01
   9.9720000e+05   4.7740000e-01
   9.9810000e+05   4.2040000e-01
   9.9900000e+05   3.4240000e-01
   9.9990000e+05   2.8340000e-01
   1.0008000e+06   2.0140000e-01
   1.0017000e+06   1.2340000e-01
   1.0026000e+06   3.2400000e-02
   1.0035000e+06  -4.6600000e-02
   1.0044000e+06  -1.3560000e-01
   1.0053000e+06  -2.1060000e-01
   1.0062000e+06  -2.8460000e-01
   1.0071000e+06  -3.4460000e-01
   1.0080000e+06  -3.8860000e-01
   1.0089000e+06  -4.1960000e-01
   1.0098000e+06  -4.2660000e-01
   1.0107000e+06  -3.8460000e-01
   1.0116000e+06  -3.2660000e-01
   1.0125000e+06  -2.5760000e-01
   1.0134000e+06  -1.8760000e-01
   1.0143000e+06  -9.6600000e-02
   1.0152000e+06  -5.6000000e-03
   1.0161000e+06   9.1400000e-02
   1.0170000e+06   1.7340000e-01
   1.0179000e+06   2.6740000e-01
   1.0188000e+06   3.5340000e-01
   1.0197000e+06   4.1840000e-01
   1.0206000e+06   5.3140000e-01
   1.0215000e+06   5.9840000e-01
   1.0224000e+06   6.4940000e-01
   1.0233000e+06   7.2440000e-01
   1.0242000e+06   7.7040000e-01
   1.0251000e+06   8.0540000e-01
   1.0260000e+06   8.3240000e-01
   1.0269000e+06   8.5440000e-01
   1.0278000e+06   8.7440000e-01
   1.0287000e+06   8.8040000e-01
   1.0296000e+06   8.8440000e-01
   1.0305000e+06   8.8340000e-01
   1.0314000e+06   8.7640000e-01
   1.0323000e+06   8.6240000e-01
   1.0332000e+06   8.3640000e-01
   1.0341000e+06   7.9940000e-01
   1.0350000e+06   7.5940000e-01
   1.0359000e+06   7.2140000e-01
   1.0368000e+06   6.7440000e-01
   1.0377000e+06   6.2840000e-01
   1.0386000e+06   5.7640000e-01
   1.0395000e+06   5.1840000e-01
   1.0404000e+06   4.6640000e-01
   1.0413000e+06   3.9540000e-01
   1.0422000e+06   3.2240000e-01
   1.0431000e+06   2.5040000e-01
   1.0440000e+06   1.6940000e-01
   1.0449000e+06   9.0400000e-02
   1.0458000e+06  -4.6000000e-03
   1.0467000e+06  -8.3600000e-02
   1.0476000e+06  -1.7260000e-01
   1.0485000e+06  -2.5660000e-01
   1.0494000e+06  -3.3360000e-01
   1.0503000e+06  -4.0460000e-01
   1.0512000e+06  -4.6360000e-01
   1.0521000e+06  -5.0460000e-01
   1.0530000e+06  -5.3560000e-01
   1.0539000e+06  -5.3360000e-01
   1.0548000e+06  -4.8560000e-01
   1.0557000e+06  -4.1660000e-01
   1.0566000e+06  -3.3260000e-01
   1.0575000e+06  -2.4260000e-01
   1.0584000e+06  -1.5560000e-01
   1.0593000e+06  -5.7600000e-02
   1.0602000e+06   3.9400000e-02
   1.0611000e+06   1.3240000e-01
   1.0620000e+06   2.1740000e-01
   1.0629000e+06   3.0940000e-01
   1.0638000e+06   3.8640000e-01
   1.0647000e+06   4.6740000e-01
   1.0656000e+06   5.5140000e-01
   1.0665000e+06   6.3140000e-01
   1.0674000e+06   6.8240000e-01
   1.0683000e+06   7.2440000e-01
   1.0692000e+06   7.6840000e-01
   1.0701000e+06   8.0040000e-01
   1.0710000e+06   8.3040000e-01
   1.0719000e+06   8.4840000e-01
   1.0728000e+06   8.5140000e-01
   1.0737000e+06   8.5440000e-01
   1.0746000e+06   8.5240000e-01
   1.0755000e+06   8.5040000e-01
   1.0764000e+06   8.3040000e-01
   1.0773000e+06   7.9440000e-01
   1.0782000e+06   7.5440000e-01
   1.0791000e+06   7.0540000e-01
   1.0800000e+06   6.5540000e-01
   1.0809000e+06   6.1140000e-01
   1.0818000e+06   5.5040000e-01
   1.0827000e+06   4.9440000e-01
   1.0836000e+06   4.3040000e-01
   1.0845000e+06   3.6340000e-01
   1.0854000e+06   2.8540000e-01
   1.0863000e+06   2.0240000e-01
   1.0872000e+06   1.2140000e-01
   1.0881000e+06   4.0400000e-02
   1.0890000e+06  -6.0600000e-02
   1.0899000e+06  -1.5360000e-01
   1.0908000e+06  -2.4760000e-01
   1.0917000e+06  -3.3460000e-01
   1.0926000e+06  -4.2160000e-01
   1.0935000e+06  -5.0760000e-01
   1.0944000e+06  -5.8360000e-01
   1.0953000e+06  -6.5960000e-01
   1.0962000e+06  -7.1060000e-01
   1.0971000e+06  -7.3760000e-01
   1.0980000e+06  -7.4460000e-01
   1.0989000e+06  -7.2760000e-01
   1.0998000e+06  -6.6160000e-01
   1.1007000e+06  -5.8460000e-01
   1.1016000e+06  -4.8160000e-01
   1.1025000e+06  -3.7460000e-01
   1.1034000e+06  -2.6960000e-01
   1.1043000e+06  -1.7360000e-01
   1.1052000e+06  -7.5600000e-02
   1.1061000e+06   2.1400000e-02
   1.1070000e+06   1.1440000e-01
   1.1079000e+06   2.0440000e-01
   1.1088000e+06   2.8740000e-01
